125 138
115 90
85 27
68 112
15 92
116 100
23 11
29 60
75 85
39 120
8 74
73 105
118 79
101 94
44 89
2 104
14 55
58 102
105 75
114 16
11 37
84 25
13 10
99 54
107 0
59 6
64 52
18 54
26 41
104 90
66 84
117 63
111 26
44 57
31 30
121 50
28 0
19 74
60 25
88 9
9 22
16 113
61 62
106 111
97 52
108 85
72 69
95 119
75 13
17 121
105 52
99 65
7 27
9 75
71 49
98 5
42 25
83 59
85 0
14 34
12 17
108 93
20 68
65 85
74 90
75 7
108 40
69 16
54 49
62 4
70 84
96 59
92 29
73 90
47 83
26 104
38 43
124 76
110 5
24 2
21 56
69 91
113 99
104 96
27 57
105 61
71 92
23 78
43 36
114 25
95 6
39 73
76 100
115 6
79 27
29 59
67 60
100 16
86 123
103 102
47 46
30 96
68 90
19 81
14 60
94 67
48 79
87 67
42 71
15 96
43 73
1 39
120 35
7 18
25 117
59 123
73 15
18 115
3 103
33 30
6 121
53 2
114 5
61 32
103 96
122 95
114 11
114 42
60 6
93 51
56 117
13 82
77 83
27 16
65 104
22 80
105 113
45 57
123 109
61 42
7 2
58 119
78 7
79 86
62 117
12 4
24 68
12 0
19 7
30 106
20 44
108 2
13 104
19 114
8 110
74 72
41 56
101 105
7 66
50 94
14 60
119 38
19 22
23 71
108 18
105 90
68 65
101 64
29 54
6 82
114 28
88 90
100 7
66 120
83 20
38 57
69 96
84 70
104 113
109 108
37 61
17 77
102 15
85 118
100 97
105 5
98 33
121 33
59 0
52 57
12 47
123 2
79 26
29 20
16 83
105 116
105 119
111 101
99 103
107 10
5 19
2 38
35 103
63 116
74 38
86 80
34 36
117 24
84 116
17 10
110 9
54 30
99 80
26 63
100 96
91 40
13 25
34 29
60 34
54 32
78 26
104 3
49 4
34 0
3 79
95 89
60 75
25 34
103 39
38 80
43 47
112 51
2 62
11 66
92 58
55 83
81 114
73 91
74 6
117 19
87 59
122 48
110 119
76 123
13 62
24 45
20 99
31 22
22 27
10 0
115 4
89 84
33 116
93 44
29 113
117 12
15 47
113 20
41 117
53 42
116 99
29 91
0 78
48 123
36 112
23 58
25 12
57 46
86 5
90 50
124 36
67 27
59 1
118 44
21 41
42 99
119 63
