797 834
316 688
706 351
597 727
319 514
97 391
385 651
414 730
485 709
326 712
728 749
446 41
225 92
7 420
117 489
553 105
145 776
380 711
346 141
359 27
370 752
330 467
38 568
209 20
552 752
497 745
624 738
410 191
582 250
466 750
406 669
523 410
164 623
237 396
519 58
640 737
577 757
328 26
290 313
603 631
459 615
222 523
301 104
292 505
269 280
461 229
678 158
229 125
265 524
572 765
35 8
505 305
188 73
650 779
54 531
715 413
724 405
558 118
303 360
207 771
459 238
790 333
787 321
483 767
94 620
324 613
778 339
41 55
448 343
718 712
320 374
153 345
277 695
68 653
238 331
322 395
690 242
563 685
759 508
11 593
507 107
211 455
344 518
567 555
788 16
534 576
236 285
446 79
48 34
128 512
186 637
760 729
411 720
585 569
156 768
713 498
270 527
644 318
681 337
610 749
364 231
351 727
459 660
187 264
132 564
271 41
781 340
671 743
12 65
525 354
723 656
330 183
647 280
674 728
746 593
160 378
193 98
312 234
243 571
781 638
36 725
207 574
430 140
116 766
627 233
223 795
467 152
35 511
475 232
51 182
523 182
590 774
229 490
442 776
392 157
394 290
705 436
554 42
259 186
589 579
658 432
647 96
402 155
424 771
465 473
503 87
481 84
154 763
674 217
99 551
486 394
742 605
491 428
480 641
266 685
103 205
129 777
788 785
723 786
373 73
302 247
141 724
720 563
601 206
62 197
50 251
353 102
418 54
117 376
749 472
616 61
473 596
290 403
63 119
240 689
82 28
70 368
703 141
341 407
756 43
551 477
729 615
472 164
730 784
544 671
480 504
175 587
234 393
396 105
69 149
136 144
112 386
277 689
297 390
351 729
298 429
558 30
147 424
588 128
334 37
729 32
481 421
100 347
796 275
786 119
515 686
561 522
267 78
699 199
598 651
58 670
779 283
380 85
121 301
726 109
241 697
221 732
633 650
609 712
768 185
785 503
469 682
758 762
391 574
607 174
781 699
784 642
756 25
327 171
47 684
493 78
585 26
308 121
554 357
684 156
316 735
626 407
108 458
416 377
214 667
594 785
465 303
420 535
195 649
82 353
131 774
224 240
757 705
230 500
687 422
758 330
615 533
185 342
437 641
63 638
99 465
497 637
57 240
339 5
253 126
635 737
545 662
328 614
580 330
368 764
89 190
760 773
59 322
174 656
402 121
232 621
601 242
253 13
24 577
657 320
731 268
164 49
66 92
556 444
52 21
710 666
170 516
493 532
746 279
3 431
685 6
541 84
518 80
58 358
40 356
628 45
31 331
744 412
324 323
532 275
419 534
689 573
86 777
167 114
14 223
789 142
476 492
728 593
165 490
755 370
749 351
682 739
421 207
364 445
110 673
163 567
274 467
292 560
453 194
145 793
689 59
115 549
645 758
150 233
203 493
221 680
769 296
1 19
371 748
411 361
458 734
655 320
226 60
435 381
339 265
18 138
664 784
723 395
152 625
250 395
496 633
787 215
140 593
95 673
705 747
795 89
197 112
62 91
404 733
530 421
458 435
181 289
168 86
111 418
530 483
201 411
314 537
745 525
216 201
643 286
249 496
100 674
547 592
438 706
149 512
176 378
300 419
293 464
311 702
478 450
27 444
305 634
137 257
454 557
606 53
769 447
294 415
398 438
521 463
619 383
321 453
517 743
358 520
533 464
440 633
724 277
213 741
156 33
613 788
272 165
389 196
366 208
539 213
299 721
450 488
585 749
635 298
196 497
504 632
694 421
549 495
51 536
562 212
130 246
214 660
593 588
640 336
547 532
404 518
398 46
319 720
134 382
394 765
440 451
724 788
708 304
719 693
175 761
649 2
545 796
399 256
645 509
487 587
713 508
421 16
340 591
609 528
544 158
770 529
580 656
333 340
236 441
232 417
612 129
382 111
317 776
307 688
77 714
49 369
539 670
101 20
225 135
270 583
729 170
668 462
427 350
271 315
367 540
43 519
580 728
388 665
559 457
744 615
123 511
609 347
608 154
648 365
548 75
273 377
292 443
277 288
680 791
536 304
90 372
434 146
262 795
18 570
390 332
192 434
630 248
7 423
452 449
387 762
456 172
575 581
336 115
288 110
285 7
561 557
107 65
139 530
273 594
557 452
599 127
456 661
413 613
45 706
589 3
659 695
59 542
760 88
433 324
222 574
750 261
602 237
786 523
739 772
640 387
217 375
731 108
444 180
686 635
513 302
298 325
639 601
569 99
425 652
451 650
778 302
218 379
446 162
692 438
479 0
548 627
775 262
343 322
383 692
676 23
500 743
103 390
24 397
520 438
198 405
559 661
278 103
691 574
220 622
761 253
484 255
510 304
1 235
618 83
789 57
748 399
561 363
10 617
379 93
433 218
628 773
538 629
692 498
11 481
450 751
523 110
488 171
457 481
628 591
719 208
119 41
228 686
534 149
61 363
282 382
395 719
460 162
683 44
690 566
67 575
122 215
732 207
44 29
113 254
210 522
439 698
617 23
120 67
350 550
614 39
262 491
207 246
55 335
132 142
746 126
219 274
41 199
488 139
374 13
226 387
293 520
613 164
303 189
263 591
633 545
254 32
417 703
263 542
240 409
769 206
536 768
147 790
642 726
500 736
696 353
310 783
600 376
88 240
777 117
571 604
113 646
615 387
511 791
505 469
245 181
148 756
96 193
88 280
345 366
335 118
137 260
766 546
506 282
476 322
666 402
297 709
159 403
683 439
182 543
102 479
143 79
285 697
794 89
501 476
717 171
179 183
371 374
48 308
607 409
119 36
537 588
387 395
759 677
48 76
437 161
538 401
520 643
193 578
293 724
683 521
793 279
439 568
658 310
17 294
352 307
659 555
375 37
327 248
291 746
338 327
586 388
732 220
131 543
571 671
55 5
638 291
239 87
415 276
775 498
526 738
520 682
490 688
607 472
24 351
780 528
346 260
3 388
426 61
613 63
95 184
251 306
289 678
791 367
88 264
794 258
422 110
284 169
212 85
790 174
287 70
787 204
184 605
29 482
417 396
106 348
431 468
79 386
400 311
792 224
263 11
668 622
321 370
672 418
53 451
29 362
136 356
669 239
754 667
407 87
270 112
695 244
468 57
480 74
634 355
673 17
269 15
701 758
565 788
631 746
758 446
637 295
556 722
427 765
2 550
133 748
441 457
252 573
101 438
311 722
408 584
757 102
96 627
563 598
574 88
667 22
494 307
499 314
584 772
782 299
391 432
291 358
94 556
502 499
64 714
347 234
728 169
166 228
595 694
277 348
700 753
360 173
642 184
529 209
83 126
235 369
767 753
612 101
481 633
192 625
714 236
639 675
151 717
778 157
299 512
786 735
227 515
308 693
565 72
222 542
65 192
365 358
470 247
43 641
771 126
501 176
265 707
344 167
650 409
239 225
704 282
385 373
177 31
297 23
124 623
108 145
81 455
645 144
679 357
158 119
237 337
451 322
572 471
116 279
492 745
397 231
455 431
716 691
357 197
551 474
735 581
662 401
689 562
654 525
332 562
446 199
143 466
663 486
32 204
464 147
111 653
202 646
206 244
718 178
21 15
18 129
605 281
680 738
219 652
692 533
611 215
45 16
740 546
110 164
330 358
56 572
154 275
722 97
70 305
344 214
650 651
4 701
610 636
515 644
736 384
127 371
363 323
484 548
773 762
49 134
329 491
44 509
71 69
200 242
461 309
372 786
692 126
9 665
451 350
349 517
251 625
699 288
440 424
500 355
552 100
232 238
355 555
503 178
19 735
217 423
202 61
670 731
658 138
502 246
36 519
520 212
543 678
312 138
276 671
506 479
556 246
511 324
639 147
346 518
660 200
504 352
750 480
170 65
114 120
417 594
95 258
590 398
734 62
659 539
365 362
390 203
741 317
674 779
416 149
285 226
42 313
513 206
788 340
660 235
682 692
392 322
764 90
499 242
789 634
460 107
322 498
219 573
556 64
282 133
253 521
655 188
661 139
497 418
727 191
387 94
91 398
63 160
545 218
706 174
565 510
623 540
374 267
657 530
591 543
270 257
300 653
635 479
154 349
68 783
108 707
493 269
372 164
197 646
431 484
767 151
354 705
308 168
204 570
99 612
500 674
620 438
84 301
607 604
332 661
44 758
361 43
394 569
401 657
718 374
689 764
6 482
648 591
194 539
608 22
481 159
378 700
585 714
343 462
236 483
382 213
679 74
140 672
579 141
26 410
111 10
99 519
97 589
740 709
263 532
510 439
614 323
36 539
732 309
745 656
425 477
508 242
506 191
0 467
356 227
706 294
704 724
453 795
252 195
319 572
47 156
37 249
793 106
695 198
292 526
613 660
144 51
359 645
730 419
258 82
449 503
283 424
73 506
496 340
172 452
27 596
258 106
302 275
166 347
521 498
470 703
388 409
507 603
303 707
475 615
713 347
421 176
484 320
622 181
437 599
421 458
329 673
778 284
382 791
517 574
723 250
682 615
321 779
588 311
114 439
315 577
734 762
773 378
59 183
785 687
126 238
645 747
783 496
404 685
369 334
491 544
654 288
140 273
679 287
483 522
559 19
454 466
238 481
630 194
439 322
559 189
17 288
416 496
44 739
470 104
429 300
478 187
366 185
641 771
461 306
254 397
377 779
154 413
206 636
459 164
786 487
571 396
293 210
279 772
313 117
62 692
601 366
610 345
491 222
601 224
631 171
50 22
356 566
740 735
377 88
561 316
87 468
796 528
94 20
683 514
598 693
716 782
385 757
547 766
37 122
3 765
156 69
723 639
599 668
455 346
97 313
761 175
778 234
132 98
450 533
688 55
70 578
202 388
434 703
668 179
148 196
530 212
776 221
708 34
780 259
784 150
531 30
745 93
67 764
184 562
742 512
304 552
630 687
162 790
184 68
288 522
396 614
697 53
1 640
674 429
551 642
188 396
737 563
639 189
293 760
296 113
445 186
98 258
15 696
526 373
96 357
785 251
400 17
518 515
328 510
393 128
759 216
451 635
397 628
728 201
292 282
60 589
453 595
532 372
721 471
102 445
231 643
624 690
570 368
54 240
568 446
333 599
671 45
542 70
370 126
786 44
392 482
481 751
438 632
9 241
710 391
767 691
675 83
285 470
379 437
588 189
383 376
215 73
693 154
748 334
611 80
636 606
376 664
673 358
373 774
406 335
56 678
208 79
415 292
220 780
525 89
422 754
746 151
38 48
301 430
373 592
385 581
408 666
515 611
615 288
736 769
11 136
527 786
709 116
779 660
485 420
303 259
160 95
513 596
770 341
681 161
244 151
73 115
574 169
89 345
721 527
696 670
276 651
139 266
303 193
562 195
180 143
494 665
499 665
472 214
161 286
85 425
379 344
322 514
205 670
695 415
528 577
440 702
389 660
552 548
211 689
137 277
530 445
393 743
125 717
607 329
498 68
69 738
416 625
546 430
12 584
111 6
711 173
98 640
21 186
432 698
228 57
571 3
548 265
117 367
392 674
789 627
724 782
536 543
773 135
311 326
1 517
407 679
447 465
185 511
436 389
223 129
486 54
554 147
35 164
775 682
727 594
479 260
352 312
792 327
707 785
197 2
157 78
270 379
550 760
49 421
31 251
229 426
281 359
789 440
199 781
112 566
297 608
51 557
642 696
281 63
566 568
755 255
621 755
209 251
753 517
334 112
58 442
714 214
464 526
181 337
205 399
80 185
538 439
226 600
614 408
218 145
74 65
228 281
222 637
0 271
667 91
269 686
597 257
538 624
537 308
236 12
757 103
311 439
268 699
602 287
291 496
469 680
611 368
559 204
52 450
715 620
339 319
616 247
113 690
366 709
679 496
255 618
159 179
650 516
662 473
248 18
278 72
82 285
697 361
737 623
52 29
565 744
277 45
671 233
13 84
176 320
422 350
235 505
688 549
731 105
435 20
180 252
567 626
432 490
656 560
616 93
676 2
749 664
218 709
753 405
554 785
150 210
424 704
295 244
463 451
541 778
575 249
160 525
500 433
129 591
40 183
631 214
744 176
773 30
613 449
363 33
344 713
322 656
751 364
325 365
307 357
294 145
488 427
584 225
353 700
285 709
343 305
777 36
317 499
289 504
315 340
686 513
486 752
129 264
347 794
726 620
746 474
327 781
326 403
707 14
101 246
141 40
402 434
237 523
488 443
239 332
209 97
553 441
19 505
210 694
501 3
428 149
593 275
657 730
725 524
395 724
4 644
326 259
77 337
425 676
787 274
654 437
333 95
494 733
476 371
679 515
39 42
625 103
95 22
567 109
221 152
519 194
659 267
410 586
570 6
5 469
672 663
402 177
358 211
615 185
475 505
307 464
378 775
366 358
426 242
711 310
92 777
791 436
46 557
318 284
10 498
776 698
787 785
412 91
609 711
208 256
731 573
159 161
555 45
187 542
61 321
605 635
689 245
630 111
22 389
448 518
194 380
243 28
674 278
511 13
728 576
443 429
597 123
12 38
448 487
220 586
589 110
668 128
314 362
763 182
413 462
391 749
290 332
688 84
245 466
450 714
684 642
264 331
423 468
82 475
770 165
228 118
420 256
330 492
686 336
456 718
535 571
230 52
95 480
221 68
35 163
87 287
527 9
701 134
498 557
250 259
363 1
293 638
509 339
71 415
132 306
412 780
348 213
715 147
667 492
669 291
77 76
497 492
417 603
23 529
727 82
746 529
81 206
20 77
708 687
718 8
629 150
144 652
766 662
360 68
288 687
633 397
363 375
484 136
518 184
687 201
429 328
768 208
321 738
156 7
398 119
92 74
279 258
752 565
184 554
153 350
200 142
414 636
602 665
516 539
593 713
478 719
356 705
106 707
328 735
4 30
429 416
491 245
699 576
753 675
536 193
562 295
404 338
25 403
254 422
184 717
461 534
510 74
10 285
783 723
433 736
69 372
404 236
599 643
743 190
524 131
519 437
42 299
771 437
130 181
75 700
108 677
440 100
575 50
625 535
732 667
658 462
260 619
303 444
254 788
564 96
664 187
599 620
448 53
256 374
351 272
259 175
579 545
512 146
178 207
121 158
793 588
66 41
92 303
371 593
465 495
157 371
326 138
533 380
584 351
152 447
698 661
64 538
80 416
436 702
609 541
112 46
203 127
676 104
769 558
271 578
343 580
649 726
244 469
489 652
518 620
14 81
76 342
737 359
582 564
572 726
494 587
28 452
9 237
102 50
280 360
754 298
712 768
341 86
541 18
560 337
569 162
216 185
301 28
749 457
406 555
522 199
441 320
16 444
524 146
760 196
659 273
250 366
407 720
613 694
158 510
22 740
793 654
406 124
389 384
595 324
427 704
473 443
193 325
201 15
261 384
754 763
31 109
66 100
701 413
146 556
648 167
255 2
729 141
482 333
116 722
585 411
70 519
777 368
617 478
756 40
308 427
432 386
165 14
583 39
389 235
131 32
381 638
155 239
192 729
307 74
609 649
316 194
579 203
647 186
262 135
380 790
715 779
678 24
615 442
460 82
539 326
