41 49
2 16
12 23
32 15
20 22
26 20
17 35
31 32
17 24
26 17
20 21
17 36
40 32
40 30
34 3
1 30
21 29
32 34
16 32
26 34
21 8
11 7
6 8
31 19
9 0
0 25
37 10
22 13
8 23
4 23
3 4
35 21
38 29
29 18
3 35
12 39
36 27
33 30
20 5
20 23
14 35
0 4
11 35
26 40
16 10
4 16
6 34
16 3
23 28
17 40
19 13
21 39
28 13
9 29
30 17
13 12
7 26
40 12
28 36
38 30
18 29
6 20
7 40
15 1
24 9
39 30
15 14
26 39
20 40
37 8
8 3
13 0
34 21
25 23
34 33
38 26
14 32
31 30
5 30
16 39
38 15
19 9
25 35
26 19
20 13
9 15
11 22
34 4
17 25
10 27
2 31
15 12
39 27
19 21
21 9
17 20
12 8
20 22
17 38
